# This file may be used to create an environment using:
# $ conda create --name <env> --file <this file>
# platform: win-64
attrs=21.2.0=pyhd8ed1ab_0
automat=20.2.0=py_0
bcrypt=3.2.0=py36h68aa20f_1
brotlipy=0.7.0=py36h68aa20f_1001
ca-certificates=2021.5.30=h5b45459_0
certifi=2021.5.30=py36ha15d459_0
cffi=1.14.6=py36he58ceb7_0
chardet=4.0.0=py36ha15d459_1
charset-normalizer=2.0.0=pyhd8ed1ab_0
colorama=0.4.4=pyh9f0ad1d_0
configparser=5.0.2=pyhd8ed1ab_0
constantly=15.1.0=py_0
crayons=0.4.0=pyh9f0ad1d_0
cryptography=3.4.7=py36hd0de82c_0
cssselect=1.1.0=py_0
h2=3.2.0=py36h9f0ad1d_1
hpack=3.0.0=py_0
hyperframe=5.2.0=py_0
hyperlink=21.0.0=pyhd3deb0d_0
idna=3.1=pyhd3deb0d_0
incremental=21.3.0=pyhd8ed1ab_0
intel-openmp=2021.3.0=h57928b3_3372
itemadapter=0.3.0=pyhd8ed1ab_0
libblas=3.9.0=11_win64_mkl
libcblas=3.9.0=11_win64_mkl
libiconv=1.16=he774522_0
liblapack=3.9.0=11_win64_mkl
libxml2=2.9.12=hf5bbc77_0
libxslt=1.1.33=h65864e5_2
lxml=4.6.3=py36hf8cb5f9_0
mkl=2021.3.0=hb70f87d_564
numpy=1.19.5=py36h4b40d73_2
openssl=1.1.1k=h8ffe710_0
parsel=1.6.0=py_0
pip=21.2.2=pyhd8ed1ab_0
protego=0.1.16=py_0
pyasn1=0.4.8=py_0
pyasn1-modules=0.2.7=py_0
pycparser=2.20=pyh9f0ad1d_2
pydispatcher=2.0.5=py_1
pyhamcrest=2.0.2=py_0
pyopenssl=20.0.1=pyhd8ed1ab_0
pysocks=1.7.1=py36ha15d459_3
python=3.6.13=h39d44d4_0_cpython
python_abi=3.6=2_cp36m
pywin32=300=py36h68aa20f_0
queuelib=1.6.1=pyhd8ed1ab_0
requests=2.26.0=pyhd8ed1ab_0
scrapy=2.4.1=py36haa95532_0
selenium=3.141.0=py36h68aa20f_1002
service_identity=18.1.0=py_0
setuptools=49.6.0=py36ha15d459_3
six=1.16.0=pyh6c4a22f_0
tbb=2021.3.0=h2d74725_0
twisted=21.2.0=py36h68aa20f_0
twisted-iocpsupport=1.0.1=py36h68aa20f_0
ucrt=10.0.20348.0=h57928b3_0
urllib3=1.26.6=pyhd8ed1ab_0
vc=14.2=hb210afc_5
vs2015_runtime=14.29.30037=h902a5da_5
w3lib=1.22.0=pyh9f0ad1d_0
webdriver-manager=3.4.2=pyhd8ed1ab_0
wheel=0.36.2=pyhd3deb0d_0
win_inet_pton=1.1.0=py36ha15d459_2
wincertstore=0.2=py36ha15d459_1006
zlib=1.2.11=h62dcd97_1010
zope.interface=5.4.0=py36h68aa20f_0
